1.000000
1.056500
1.125333
1.205500
1.296000
1.395833
1.504000
1.619500
1.741333
1.868500
2.000000
2.142400
2.301867
2.476800
2.665600
2.866667
3.078400
3.299200
3.527467
3.761600
4.000000
4.266400
4.580978
4.936800
5.326933
5.744444
6.182400
6.633867
7.091911
7.549600
8.000000
8.584000
9.400889
10.381333
11.456000
12.555556
13.610667
14.552000
15.310222
15.816000
16.000000
15.816000
15.310222
14.552000
13.610667
12.555556
11.456000
10.381333
9.400889
8.584000
8.000000
7.549600
7.091911
6.633867
6.182400
5.744444
5.326933
4.936800
4.580978
4.266400
4.000000
3.761600
3.527467
3.299200
3.078400
2.866667
2.665600
2.476800
2.301867
2.142400
2.000000
1.868500
1.741333
1.619500
1.504000
1.395833
1.296000
1.205500
1.125333
1.056500
1.000000
nan
nan
nan
nan
nan
nan
nan
nan
nan
